"Priors"               
p 0.0952721948 0.0897250367 0.1400381566 0.1019169547 0.0825946517 0.0395757187 0.1136796915 0.0922250974 0.1049343412 0.1400381566     
               
"Mu"               
t 0 0.2000967455 0.3032985859 0.4340492613 0.4705437561 0.4964691336 0.6138628779 0.7024781706 0.7944358317 0.92     
x 0.0000246 -0.0096131876 -0.1042888209 -0.2299304443 -0.2407084162 -0.2301031174 -0.0447444543 0.1858514642 0.3764125046 0.4507859285     
y 0.0000422 -0.0391272275 -0.1677533912 -0.4620394141 -0.5177414563 -0.5523572174 -0.7166427653 -0.7608439804 -0.7680447936 -0.7656233845     
z -0.000004 0.0232085907 0.0680078863 0.0991638828 0.1046433762 0.1016069699 0.085166644 0.0296390561 -0.09530355 -0.2246139758     
qx 0.0014301582 -0.0116155268 -0.0064917387 -0.0068035925 -0.0084354921 -0.0108383179 -0.0293892228 -0.0616880783 -0.0616880783 -0.0616880783     
qy -0.0004821168 0.0066873026 0.0064111639 0.0210256273 0.0288051683 0.036990899 0.0573464334 0.0321237853 0.0321237853 0.0321237853     
qz -0.7171844131 0.7998089359 0.813150689 0.857913813 0.8653457942 0.8737268398 0.9145810176 0.9300371577 0.9300371577 0.9300371577     
qw -0.6968817976 0.6001050122 0.5819817104 0.5133181504 0.5002756852 0.4848872175 0.3992357981 0.3608234039 0.3608234039 0.3608234039     
x -0.4748164053 -0.4954681542 -0.5003456886 -0.5333322453 -0.5346923285 -0.5246682842 -0.4352295011 -0.3630532937 -0.2759539558 -0.3024240769     
y -0.5883268229 -0.5901727821 -0.5861673199 -0.5765322629 -0.5616985161 -0.5616985161 -0.5883213148 -0.6325162322 -0.6654184991 -0.6676859198     
z 0.2410049988 0.2410049734 0.2410039978 0.2409939988 0.2409844905 0.2409839987 0.2409839978 0.2410071274 0.241003996 0.2410039958     
qx 0 0.0000159 0.0000159 0.0000133 0.0000105 -0.00000758 -0.000072 -0.0000803 -0.0000365 0.00000376     
qy 0 0.0000126 0.0000258 0.0000047 -0.0000058 -0.00000971 -0.0000312 -0.000046 -0.0000373 0.0000131     
qz 0.8184480912 0.7863728874 0.7176943692 0.3575095412 0.3461421279 0.3875515997 0.5505471709 0.5701577884 0.5639357168 0.6154632208     
qw 0.5745804748 0.6177521198 0.6963582351 0.9339094858 0.9381820864 0.9218480121 0.8348040527 0.8215352018 0.8258186875 0.7881656068     
               
"Sigma1"               
s 0.0075 0.0011 -0.001 0.0006 -0.0009 0.0006 0.1029 0.087 0.0001 0.0005 0 0 0 0.0006 -0.0025
s 0.0011 0.001 0.0001 0 -0.0003 0.0002 0.0343 0.0282 0.0004 -0.0001 0 0 0 0.0007 -0.0017
s -0.001 0.0001 0.0003 -0.0001 0.0001 -0.0001 -0.0116 -0.0099 0.0001 -0.0001 0 0 0 0.0001 0
s 0.0006 0 -0.0001 0.0001 -0.0001 0.0001 0.007 0.0059 -0.0001 0 0 0 0 -0.0001 0.0001
s -0.0009 -0.0003 0.0001 -0.0001 0.0004 -0.0002 -0.0179 -0.0141 -0.0001 -0.0001 0 0 0 -0.0003 0.0008
s 0.0006 0.0002 -0.0001 0.0001 -0.0002 0.0002 0.0126 0.0106 0 0 0 0 0 0.0001 -0.0002
s 0.1029 0.0343 -0.0116 0.007 -0.0179 0.0126 2.2942 1.9594 0.0092 0.0063 0 0 0 0.0214 -0.0677
s 0.087 0.0282 -0.0099 0.0059 -0.0141 0.0106 1.9594 1.6832 0.0074 0.0056 0 0 0 0.0172 -0.0554
s 0.0001 0.0004 0.0001 -0.0001 -0.0001 0 0.0092 0.0074 0.001 0 0 0 0 0.0018 -0.0037
s 0.0005 -0.0001 -0.0001 0 -0.0001 0 0.0063 0.0056 0 0.0006 0 0 0 0 0
s 0 0 0 0 0 0 0 0 0 0 0 0 0 0 0
s 0 0 0 0 0 0 0 0 0 0 0 0 0 0 0
s 0 0 0 0 0 0 0 0 0 0 0 0 0 0 0
s 0.0006 0.0007 0.0001 -0.0001 -0.0003 0.0001 0.0214 0.0172 0.0018 0 0 0 0 0.0052 -0.0107
s -0.0025 -0.0017 0 0.0001 0.0008 -0.0002 -0.0677 -0.0554 -0.0037 0 0 0 0 -0.0107 0.0227
               
"Sigma2"               
s 0.0041 -0.0028 -0.0033 0.0012 0.0001 0 0.0001 -0.0001 -0.0004 0.0001 0 0 0 -0.0026 0.0023
s -0.0028 0.005 0.0049 -0.0017 -0.0003 -0.0001 0 0.0001 0.0016 -0.001 0 0 0 0.0051 -0.0051
s -0.0033 0.0049 0.0052 -0.0017 -0.0003 -0.0001 -0.0002 0.0003 0.0013 -0.0008 0 0 0 0.0054 -0.0051
s 0.0012 -0.0017 -0.0017 0.0006 0.0001 0 0 -0.0001 -0.0005 0.0002 0 0 0 -0.0019 0.0021
s 0.0001 -0.0003 -0.0003 0.0001 0.0001 0 -0.0001 0.0001 -0.0001 0.0001 0 0 0 -0.0002 0.0001
s 0 -0.0001 -0.0001 0 0 0.0001 0 -0.0001 -0.0001 0 0 0 0 -0.0002 0.0002
s 0.0001 0 -0.0002 0 -0.0001 0 0.0005 -0.0007 0.0001 0.0001 0 0 0 -0.0005 0.0003
s -0.0001 0.0001 0.0003 -0.0001 0.0001 -0.0001 -0.0007 0.001 -0.0002 -0.0002 0 0 0 0.0006 -0.0003
s -0.0004 0.0016 0.0013 -0.0005 -0.0001 -0.0001 0.0001 -0.0002 0.0015 -0.0002 0 0 0 0.0033 -0.0054
s 0.0001 -0.001 -0.0008 0.0002 0.0001 0 0.0001 -0.0002 -0.0002 0.0007 0 0 0 -0.001 0.0009
s 0 0 0 0 0 0 0 0 0 0 0 0 0 0 0
s 0 0 0 0 0 0 0 0 0 0 0 0 0 0 0
s 0 0 0 0 0 0 0 0 0 0 0 0 0 0 0
s -0.0026 0.0051 0.0054 -0.0019 -0.0002 -0.0002 -0.0005 0.0006 0.0033 -0.001 0 0 0 0.0133 -0.0169
s 0.0023 -0.0051 -0.0051 0.0021 0.0001 0.0002 0.0003 -0.0003 -0.0054 0.0009 0 0 0 -0.0169 0.0277
               
"Sigma3"               
s 0.0046 -0.0043 -0.0076 0.0018 0.0002 0.0001 0.0012 -0.0017 -0.0006 0.0006 0 0 0 -0.0121 0.0077
s -0.0043 0.0106 0.013 -0.0031 -0.0004 -0.0007 -0.0016 0.0023 0.0041 -0.0016 0 0 0 0.0249 -0.0173
s -0.0076 0.013 0.0189 -0.0041 -0.0005 -0.0008 -0.0026 0.0039 0.0041 -0.0019 0 0 0 0.0342 -0.0222
s 0.0018 -0.0031 -0.0041 0.0011 0.0002 0.0001 0.0005 -0.0008 -0.001 0.0004 0 0 0 -0.0074 0.0057
s 0.0002 -0.0004 -0.0005 0.0002 0.0001 0 0 0 -0.0001 0.0002 0 0 0 -0.0009 0.0004
s 0.0001 -0.0007 -0.0008 0.0001 0 0.0002 0.0002 -0.0003 -0.0004 0.0002 0 0 0 -0.002 0.0013
s 0.0012 -0.0016 -0.0026 0.0005 0 0.0002 0.0008 -0.0011 -0.0005 0.0003 0 0 0 -0.0045 0.0031
s -0.0017 0.0023 0.0039 -0.0008 0 -0.0003 -0.0011 0.0017 0.0008 -0.0005 0 0 0 0.0068 -0.0045
s -0.0006 0.0041 0.0041 -0.001 -0.0001 -0.0004 -0.0005 0.0008 0.0026 -0.0002 0 0 0 0.0065 -0.0071
s 0.0006 -0.0016 -0.0019 0.0004 0.0002 0.0002 0.0003 -0.0005 -0.0002 0.0014 0 0 0 -0.0069 0.0031
s 0 0 0 0 0 0 0 0 0 0 0 0 0 0 0
s 0 0 0 0 0 0 0 0 0 0 0 0 0 0 0
s 0 0 0 0 0 0 0 0 0 0 0 0 0 0 0
s -0.0121 0.0249 0.0342 -0.0074 -0.0009 -0.002 -0.0045 0.0068 0.0065 -0.0069 0 0 0 0.0874 -0.0507
s 0.0077 -0.0173 -0.0222 0.0057 0.0004 0.0013 0.0031 -0.0045 -0.0071 0.0031 0 0 0 -0.0507 0.0431
               
"Sigma4"               
s 0.0075 -0.0009 -0.0135 0.0007 -0.0005 0.0013 0.0007 -0.0039 0.0004 0.0009 0 0 0 -0.0093 0.0038
s -0.0009 0.0119 0.0077 -0.0015 0 -0.0007 -0.0012 0.0012 0.0045 -0.0011 0 0 0 0.0261 -0.0132
s -0.0135 0.0077 0.0326 -0.0025 0.0009 -0.0037 -0.0031 0.0081 0.0041 -0.0004 0 0 0 0.023 -0.015
s 0.0007 -0.0015 -0.0025 0.0006 0.0001 0.0002 0.0006 -0.0003 -0.0002 0.0003 0 0 0 -0.0055 0.0025
s -0.0005 0 0.0009 0.0001 0.0004 -0.0001 -0.0003 0.0006 0.0004 0.0001 0 0 0 -0.0008 0.0001
s 0.0013 -0.0007 -0.0037 0.0002 -0.0001 0.0009 0.0013 -0.002 -0.0007 0.0003 0 0 0 -0.001 0.0012
s 0.0007 -0.0012 -0.0031 0.0006 -0.0003 0.0013 0.0101 -0.0016 -0.0003 -0.0005 0 0 0 -0.0001 0.0019
s -0.0039 0.0012 0.0081 -0.0003 0.0006 -0.002 -0.0016 0.0114 0.0017 -0.0008 0 0 0 -0.0006 -0.0024
s 0.0004 0.0045 0.0041 -0.0002 0.0004 -0.0007 -0.0003 0.0017 0.0067 0.0016 0 0 0 -0.006 -0.0064
s 0.0009 -0.0011 -0.0004 0.0003 0.0001 0.0003 -0.0005 -0.0008 0.0016 0.0034 0 0 0 -0.0147 0.0013
s 0 0 0 0 0 0 0 0 0 0 0 0 0 0 0
s 0 0 0 0 0 0 0 0 0 0 0 0 0 0 0
s 0 0 0 0 0 0 0 0 0 0 0 0 0 0 0
s -0.0093 0.0261 0.023 -0.0055 -0.0008 -0.001 -0.0001 -0.0006 -0.006 -0.0147 0 0 0 0.1619 -0.0417
s 0.0038 -0.0132 -0.015 0.0025 0.0001 0.0012 0.0019 -0.0024 -0.0064 0.0013 0 0 0 -0.0417 0.0298
               
"Sigma5"               
s 0.0055 0.0014 -0.0093 -0.0001 -0.0006 0.0011 -0.0004 -0.0029 0.0006 0.0003 0 0 0 -0.0003 -0.0002
s 0.0014 0.0118 0.0017 -0.0008 0 -0.0003 -0.0006 -0.0003 0.0043 -0.0014 0 0 0 0.0218 -0.0093
s -0.0093 0.0017 0.0236 -0.0011 0.001 -0.0033 -0.0014 0.0058 0.0031 0.0008 0 0 0 0.0006 -0.0044
s -0.0001 -0.0008 -0.0011 0.0004 0.0002 0.0002 0.0005 0.0001 0 0.0001 0 0 0 -0.0033 0.0012
s -0.0006 0 0.001 0.0002 0.0005 -0.0002 -0.0005 0.0007 0.0006 0.0001 0 0 0 -0.0011 0.0001
s 0.0011 -0.0003 -0.0033 0.0002 -0.0002 0.001 0.0018 -0.0023 -0.0007 0.0001 0 0 0 0.0015 0.0005
s -0.0004 -0.0006 -0.0014 0.0005 -0.0005 0.0018 0.0157 -0.0012 0.0002 -0.0007 0 0 0 0.0036 0.0005
s -0.0029 -0.0003 0.0058 0.0001 0.0007 -0.0023 -0.0012 0.016 0.0017 -0.0008 0 0 0 -0.007 0
s 0.0006 0.0043 0.0031 0 0.0006 -0.0007 0.0002 0.0017 0.0079 0.0015 0 0 0 -0.0123 -0.0053
s 0.0003 -0.0014 0.0008 0.0001 0.0001 0.0001 -0.0007 -0.0008 0.0015 0.0032 0 0 0 -0.0158 0.0014
s 0 0 0 0 0 0 0 0 0 0 0 0 0 0 0
s 0 0 0 0 0 0 0 0 0 0 0 0 0 0 0
s 0 0 0 0 0 0 0 0 0 0 0 0 0 0 0
s -0.0003 0.0218 0.0006 -0.0033 -0.0011 0.0015 0.0036 -0.007 -0.0123 -0.0158 0 0 0 0.1707 -0.0283
s -0.0002 -0.0093 -0.0044 0.0012 0.0001 0.0005 0.0005 0 -0.0053 0.0014 0 0 0 -0.0283 0.0205
               
"Sigma6"               
s 0.0067 0.004 -0.0101 -0.0005 -0.0009 0.001 -0.0014 -0.0028 0.0011 -0.0003 0 0 0 0.0036 -0.0011
s 0.004 0.0168 -0.0034 -0.001 -0.0006 0.0001 -0.001 -0.0008 0.0049 -0.0021 0 0 0 0.0236 -0.0089
s -0.0101 -0.0034 0.0232 -0.0005 0.0013 -0.003 0 0.0045 0.0018 0.0018 0 0 0 -0.0094 -0.001
s -0.0005 -0.001 -0.0005 0.0006 0.0003 0.0001 0.0009 0.0003 0 0.0001 0 0 0 -0.0031 0.0009
s -0.0009 -0.0006 0.0013 0.0003 0.0007 -0.0003 -0.0008 0.001 0.0004 0.0001 0 0 0 -0.0015 0.0002
s 0.001 0.0001 -0.003 0.0001 -0.0003 0.0011 0.0028 -0.003 -0.0006 -0.0001 0 0 0 0.0033 0.0002
s -0.0014 -0.001 0 0.0009 -0.0008 0.0028 0.028 -0.0018 0.0017 -0.0011 0 0 0 0.0053 -0.0001
s -0.0028 -0.0008 0.0045 0.0003 0.001 -0.003 -0.0018 0.026 0.0013 -0.0015 0 0 0 -0.0094 0.0005
s 0.0011 0.0049 0.0018 0 0.0004 -0.0006 0.0017 0.0013 0.0084 0.0007 0 0 0 -0.0123 -0.0047
s -0.0003 -0.0021 0.0018 0.0001 0.0001 -0.0001 -0.0011 -0.0015 0.0007 0.0034 0 0 0 -0.0159 0.0019
s 0 0 0 0 0 0 0 0 0 0 0 0 0 0 0
s 0 0 0 0 0 0 0 0 0 0 0 0 0 0 0
s 0 0 0 0 0 0 0 0 0 0 0 0 0 0 0
s 0.0036 0.0236 -0.0094 -0.0031 -0.0015 0.0033 0.0053 -0.0094 -0.0123 -0.0159 0 0 0 0.1759 -0.0274
s -0.0011 -0.0089 -0.001 0.0009 0.0002 0.0002 -0.0001 0.0005 -0.0047 0.0019 0 0 0 -0.0274 0.0178
               
"Sigma7"               
s 0.0036 0.0076 -0.0027 -0.0016 -0.0013 -0.0001 -0.0002 0.0002 0.0023 -0.002 0 0 0 0.0055 -0.0004
s 0.0076 0.0308 -0.0124 -0.0022 -0.003 0.001 0.0082 0.0002 0.007 -0.0056 0 0 0 0.0299 -0.005
s -0.0027 -0.0124 0.009 0 0.0007 -0.0008 -0.0035 -0.0035 -0.0018 0.0038 0 0 0 -0.0222 0.0025
s -0.0016 -0.0022 0 0.0017 0.001 0.0002 0.0026 0.0001 -0.0001 0.0002 0 0 0 -0.0017 0
s -0.0013 -0.003 0.0007 0.001 0.0018 -0.0005 -0.0036 0.0023 -0.0004 0.0003 0 0 0 -0.0018 0
s -0.0001 0.001 -0.0008 0.0002 -0.0005 0.0016 0.0091 -0.0067 0.0011 0 0 0 0 0.0061 -0.0011
s -0.0002 0.0082 -0.0035 0.0026 -0.0036 0.0091 0.0899 -0.0205 0.0169 -0.0038 0 0 0.0001 0.02 -0.0057
s 0.0002 0.0002 -0.0035 0.0001 0.0023 -0.0067 -0.0205 0.0761 -0.0063 -0.0047 0 0 0 -0.0168 0.0037
s 0.0023 0.007 -0.0018 -0.0001 -0.0004 0.0011 0.0169 -0.0063 0.0105 -0.0033 0 0 0 0.0007 -0.0031
s -0.002 -0.0056 0.0038 0.0002 0.0003 0 -0.0038 -0.0047 -0.0033 0.0045 0 0 0 -0.0108 0.0019
s 0 0 0 0 0 0 0 0 0 0 0 0 0 0 0
s 0 0 0 0 0 0 0 0 0 0 0 0 0 0 0
s 0 0 0 0 0 0 0.0001 0 0 0 0 0 0 0 0
s 0.0055 0.0299 -0.0222 -0.0017 -0.0018 0.0061 0.02 -0.0168 0.0007 -0.0108 0 0 0 0.1346 -0.0217
s -0.0004 -0.005 0.0025 0 0 -0.0011 -0.0057 0.0037 -0.0031 0.0019 0 0 0 -0.0217 0.0108
               
"Sigma8"               
s 0.0023 0.0058 -0.0009 -0.0022 -0.0015 -0.0007 0.0005 -0.0002 0.0024 -0.0015 0 0 0 0.0016 -0.0004
s 0.0058 0.0199 -0.0055 -0.006 -0.0041 -0.0012 0.0048 -0.0039 0.0069 -0.0028 0 0 0 0.0063 -0.0004
s -0.0009 -0.0055 0.0029 0.0011 0.0002 0.0003 -0.0007 -0.0001 -0.0012 0.0003 0 0 0 -0.0027 -0.0002
s -0.0022 -0.006 0.0011 0.0035 0.0022 0.0006 0.0034 -0.0033 -0.001 0.0008 0 0 0 0.0004 -0.0009
s -0.0015 -0.0041 0.0002 0.0022 0.0037 0 -0.0035 0.0042 -0.0026 0.0007 0 0 0 0.0011 -0.0007
s -0.0007 -0.0012 0.0003 0.0006 0 0.0009 0.0028 -0.0031 -0.0002 0.001 0 0 0 0.0003 0
s 0.0005 0.0048 -0.0007 0.0034 -0.0035 0.0028 0.0499 -0.0473 0.0149 0.0003 0 0 0 0.0049 -0.0021
s -0.0002 -0.0039 -0.0001 -0.0033 0.0042 -0.0031 -0.0473 0.0638 -0.016 -0.0026 0 0 0 -0.0053 0.0019
s 0.0024 0.0069 -0.0012 -0.001 -0.0026 -0.0002 0.0149 -0.016 0.0085 -0.0018 0 0 0 0.0016 -0.0009
s -0.0015 -0.0028 0.0003 0.0008 0.0007 0.001 0.0003 -0.0026 -0.0018 0.0029 0 0 0 -0.0013 0.0009
s 0 0 0 0 0 0 0 0 0 0 0 0 0 0 0
s 0 0 0 0 0 0 0 0 0 0 0 0 0 0 0
s 0 0 0 0 0 0 0 0 0 0 0 0 0 0 0
s 0.0016 0.0063 -0.0027 0.0004 0.0011 0.0003 0.0049 -0.0053 0.0016 -0.0013 0 0 0 0.0281 -0.0112
s -0.0004 -0.0004 -0.0002 -0.0009 -0.0007 0 -0.0021 0.0019 -0.0009 0.0009 0 0 0 -0.0112 0.0068
               
"Sigma9"               
s 0.0017 0.0027 -0.0001 -0.0021 -0.0009 -0.0008 -0.0016 0.0015 0.0009 -0.0007 0 0 0 -0.0002 0.0004
s 0.0027 0.0056 -0.0006 -0.0043 -0.0027 -0.0011 -0.0002 -0.0006 0.0025 -0.0005 0 0 0 -0.0024 0.0022
s -0.0001 -0.0006 0.0003 0.0005 0 -0.0001 -0.0001 0.0003 -0.0002 -0.0005 0 0 0 0 -0.0003
s -0.0021 -0.0043 0.0005 0.0043 0.0013 0.0007 0.0045 -0.0044 -0.0005 0.0001 0 0 0 0.0021 -0.0019
s -0.0009 -0.0027 0 0.0013 0.0093 0.0019 -0.0139 0.0161 -0.0062 0.003 0 0 0 0.0051 -0.003
s -0.0008 -0.0011 -0.0001 0.0007 0.0019 0.001 -0.001 0.0011 -0.0009 0.0015 0 0 0 0.0003 -0.0001
s -0.0016 -0.0002 -0.0001 0.0045 -0.0139 -0.001 0.0486 -0.0526 0.0155 -0.0013 0 0 0 -0.0028 0.002
s 0.0015 -0.0006 0.0003 -0.0044 0.0161 0.0011 -0.0526 0.0659 -0.0202 0.0014 0 0 0 0.0047 -0.0035
s 0.0009 0.0025 -0.0002 -0.0005 -0.0062 -0.0009 0.0155 -0.0202 0.0087 -0.0008 0 0 0 -0.003 0.0021
s -0.0007 -0.0005 -0.0005 0.0001 0.003 0.0015 -0.0013 0.0014 -0.0008 0.0036 0 0 0 0.0012 0.0002
s 0 0 0 0 0 0 0 0 0 0 0 0 0 0 0
s 0 0 0 0 0 0 0 0 0 0 0 0 0 0 0
s 0 0 0 0 0 0 0 0 0 0 0 0 0 0 0
s -0.0002 -0.0024 0 0.0021 0.0051 0.0003 -0.0028 0.0047 -0.003 0.0012 0 0 0 0.0165 -0.0091
s 0.0004 0.0022 -0.0003 -0.0019 -0.003 -0.0001 0.002 -0.0035 0.0021 0.0002 0 0 0 -0.0091 0.0064
               
"Sigma10"               
s 0.0026 0.0007 -0.0001 -0.0017 0.0023 0.0002 -0.0106 -0.0071 -0.0008 0.0004 0 0 0 0.0017 -0.0012
s 0.0007 0.0008 0.0002 -0.0004 0.0008 0.0004 -0.0011 0.0003 0.0003 0.0004 0 0 0 0.0005 -0.0003
s -0.0001 0.0002 0.0003 0.0003 -0.0002 0 0.008 0.0133 0.0003 0.0001 0 0 0 0 0
s -0.0017 -0.0004 0.0003 0.0027 -0.0061 -0.0019 0.0447 0.0514 0.0003 -0.0014 0 0 0 -0.0005 0.0001
s 0.0023 0.0008 -0.0002 -0.0061 0.0345 0.0122 -0.177 -0.1837 0 0.0093 0 0 0 -0.003 0.0038
s 0.0002 0.0004 0 -0.0019 0.0122 0.0052 -0.0632 -0.0682 0.0007 0.004 0 0 0 -0.0021 0.0022
s -0.0106 -0.0011 0.008 0.0447 -0.177 -0.0632 1.3908 1.7652 -0.0132 -0.0338 0 0 0.0001 0.0121 -0.0163
s -0.0071 0.0003 0.0133 0.0514 -0.1837 -0.0682 1.7652 2.4358 -0.0249 -0.0273 0.0001 0 0.0001 0.0148 -0.0181
s -0.0008 0.0003 0.0003 0.0003 0 0.0007 -0.0132 -0.0249 0.0042 -0.0003 0 0 0 -0.0011 0.0009
s 0.0004 0.0004 0.0001 -0.0014 0.0093 0.004 -0.0338 -0.0273 -0.0003 0.0045 0 0 0 -0.0017 0.0018
s 0 0 0 0 0 0 0 0.0001 0 0 0 0 0 0 0
s 0 0 0 0 0 0 0 0 0 0 0 0 0 0 0
s 0 0 0 0 0 0 0.0001 0.0001 0 0 0 0 0 0 0
s 0.0017 0.0005 0 -0.0005 -0.003 -0.0021 0.0121 0.0148 -0.0011 -0.0017 0 0 0 0.0048 -0.0038
s -0.0012 -0.0003 0 0.0001 0.0038 0.0022 -0.0163 -0.0181 0.0009 0.0018 0 0 0 -0.0038 0.0031
               
"Related_Object"               
pose -0.000156185 0.0597753693 -0.040016724 0 0 0 1        
grasp 0.000156185 -0.0597753693 0.040016724            
name muesliChoco              
