"Priors"               
p 0.0975849114 0.1371367308 0.2655864477 0.0145090245 0.0290844066 0.0290843001 0.0142765202 0.2128860257 0.1236641937 0.0761874393     
               
"Mu"               
t 0 0.5 0.5 0.5695116137 0.5695116137 0.5695116137 0.5695116137 0.693627451 0.9387254902 0.9387254902     
x 0.000785805 0.0648263717 0.0648263717 0.0401454758 0.0401454758 0.0401454758 0.0401454758 0.0067162435 -0.2256294956 -0.2256294956     
y 0.0110869717 -0.1094011102 -0.1094011102 -0.1384258262 -0.1384258262 -0.1384258262 -0.1384258262 -0.1654608215 -0.1175114363 -0.1175114363     
z -0.0255280759 0.1400473813 0.1400473813 0.1574524879 0.1574524879 0.1574524879 0.1574524879 0.1928818256 0.1574524879 0.1574524879     
qx 0.0150785438 -0.1830041617 -0.1830041617 -0.1972057261 -0.1972057261 -0.1972057261 -0.1972057261 -0.2569018859 -0.2184903368 -0.2184903368     
qy -0.0057823876 -0.0336716521 -0.0336716521 -0.0339765796 -0.0339765796 -0.0339765796 -0.0339765796 -0.0808839209 -0.144928173 -0.144928173     
qz -0.9825754147 0.7086569455 0.7086569455 0.6513221643 0.6513221643 0.6513221643 0.6513221643 0.536111632 0.4755671247 0.4755671247     
qw -0.1851614319 0.6805740447 0.6805740447 0.7319391586 0.7319391586 0.7319391586 0.7319391586 0.800027206 0.8396985812 0.8396985812     
x 0.1051937945 -0.0924754419 -0.0924754419 -0.1023246039 -0.1023246039 -0.1023246039 -0.1023246039 -0.1377567834 -0.1695060459 -0.1695060459     
y -0.732251032 -0.7187116212 -0.7187116212 -0.7155080881 -0.7155080881 -0.7155080881 -0.7155080881 -0.710237994 -0.6648218775 -0.6648218775     
z -0.0083171169 0.0043940155 0.0043940155 0.0072525873 0.0072525873 0.0072525873 0.0072525873 0.0230041947 0.0265676964 0.0265676964     
qx -1.48E-005 -2.10E-006 -2.10E-006 -2.10E-006 -2.10E-006 -2.10E-006 -2.10E-006 -2.48E-006 -1.45E-007 -1.45E-007     
qy 0 1.89E-006 1.89E-006 1.89E-006 1.89E-006 1.89E-006 1.89E-006 2.23E-006 1.30E-007 1.30E-007     
qz 0.7576464686 0.7493771803 0.7493771803 0.7493771803 0.7493771803 0.7493771803 0.7493771803 0.7493152005 0.749102406 0.749102406     
qw 0.6526651732 0.6621433694 0.6621433694 0.6621433694 0.6621433694 0.6621433694 0.6621433694 0.6622135081 0.6624542138 0.6624542138     
               
"Sigma1"               
s 0.00006 0 0 0 0 0 0 0 0 0 0 0 0 0 0
s 0 0.001 -0.0003 0.0002 -0.0006 -0.0003 -0.0032 -0.0009 0.0013 -0.0017 0.0001 0 0 0.0007 -0.0009
s 0 -0.0003 0.0004 -0.0002 0.0002 0.0001 0.0119 0.0009 0 0.0007 0 0 0 -0.0003 0.0005
s 0 0.0002 -0.0002 0.0008 -0.0012 -0.0002 0.0186 0.0031 0.0008 -0.0015 0.0004 0 0 0.0012 -0.0016
s 0 -0.0006 0.0002 -0.0012 0.0024 0.0002 -0.0615 -0.0101 -0.0018 0.0026 -0.0008 0 0 -0.0022 0.0029
s 0 -0.0003 0.0001 -0.0002 0.0002 0.0004 0.0208 0.005 -0.0009 0.0009 -0.0001 0 0 -0.0003 0.0004
s 0 -0.0032 0.0119 0.0186 -0.0615 0.0208 3.8486 0.7013 0.0068 -0.0045 0.0188 -0.0001 0.0001 0.0413 -0.054
s 0 -0.0009 0.0009 0.0031 -0.0101 0.005 0.7013 0.1374 -0.0024 0.0008 0.0026 0 0 0.0069 -0.009
s 0 0.0013 0 0.0008 -0.0018 -0.0009 0.0068 -0.0024 0.0031 -0.0033 0.0006 0 0 0.0017 -0.0022
s 0 -0.0017 0.0007 -0.0015 0.0026 0.0009 -0.0045 0.0008 -0.0033 0.0048 -0.0008 0 0 -0.0027 0.0037
s 0 0.0001 0 0.0004 -0.0008 -0.0001 0.0188 0.0026 0.0006 -0.0008 0.0003 0 0 0.0007 -0.0009
s 0 0 0 0 0 0 -0.0001 0 0 0 0 0 0 0 0
s 0 0 0 0 0 0 0.0001 0 0 0 0 0 0 0 0
s 0 0.0007 -0.0003 0.0012 -0.0022 -0.0003 0.0413 0.0069 0.0017 -0.0027 0.0007 0 0 0.0021 -0.0028
s 0 -0.0009 0.0005 -0.0016 0.0029 0.0004 -0.054 -0.009 -0.0022 0.0037 -0.0009 0 0 -0.0028 0.0037
               
"Sigma2"               
s 0.0394 -0.0131 -0.0042 0.0046 -0.0054 -0.0055 -0.0148 0.0109 -0.0095 0.0025 0.0024 0 0 0.0007 -0.0017
s -0.0131 0.0116 0.001 -0.0008 0.0016 0.0026 0.006 -0.002 0.0007 -0.0002 -0.0018 0 0 -0.0012 0.0018
s -0.0042 0.001 0.0067 -0.0079 0.0105 0.0037 0.0127 -0.0123 0.0033 0.0008 -0.0005 0 0 -0.0003 0.0008
s 0.0046 -0.0008 -0.0079 0.0113 -0.0148 -0.0046 -0.0146 0.0147 -0.0027 -0.0015 0.0003 0 0 0.0009 -0.0015
s -0.0054 0.0016 0.0105 -0.0148 0.0201 0.0066 0.0192 -0.0185 0.0025 0.0023 -0.0008 0 0 -0.0011 0.0019
s -0.0055 0.0026 0.0037 -0.0046 0.0066 0.0034 0.0081 -0.0064 0.0017 0.0005 -0.0012 0 0 0 0.0004
s -0.0148 0.006 0.0127 -0.0146 0.0192 0.0081 0.0285 -0.0257 0.0066 0.0018 -0.0021 0 0 -0.0016 0.0031
s 0.0109 -0.002 -0.0123 0.0147 -0.0185 -0.0064 -0.0257 0.0277 -0.0078 -0.0016 0.0013 0 0 0.0009 -0.0017
s -0.0095 0.0007 0.0033 -0.0027 0.0025 0.0017 0.0066 -0.0078 0.0084 -0.0022 -0.0001 0 0 0.0009 -0.0008
s 0.0025 -0.0002 0.0008 -0.0015 0.0023 0.0005 0.0018 -0.0016 -0.0022 0.003 -0.0002 0 0 -0.0008 0.001
s 0.0024 -0.0018 -0.0005 0.0003 -0.0008 -0.0012 -0.0021 0.0013 -0.0001 -0.0002 0.0012 0 0 -0.0004 0.0005
s 0 0 0 0 0 0 0 0 0 0 0 0 0 -0.0001 0.0001
s 0 0 0 0 0 0 0 0 0 0 0 0 0 0.0001 -0.0001
s 0.0007 -0.0012 -0.0003 0.0009 -0.0011 0 -0.0016 0.0009 0.0009 -0.0008 -0.0004 -0.0001 0.0001 0.003 -0.0036
s -0.0017 0.0018 0.0008 -0.0015 0.0019 0.0004 0.0031 -0.0017 -0.0008 0.001 0.0005 0.0001 -0.0001 -0.0036 0.0046
               
"Sigma3"               
s 0.0394 -0.0131 -0.0042 0.0046 -0.0054 -0.0055 -0.0148 0.0109 -0.0095 0.0025 0.0024 0 0 0.0007 -0.0017
s -0.0131 0.0116 0.001 -0.0008 0.0016 0.0026 0.006 -0.002 0.0007 -0.0002 -0.0018 0 0 -0.0012 0.0018
s -0.0042 0.001 0.0067 -0.0079 0.0105 0.0037 0.0127 -0.0123 0.0033 0.0008 -0.0005 0 0 -0.0003 0.0008
s 0.0046 -0.0008 -0.0079 0.0113 -0.0148 -0.0046 -0.0146 0.0147 -0.0027 -0.0015 0.0003 0 0 0.0009 -0.0015
s -0.0054 0.0016 0.0105 -0.0148 0.0201 0.0066 0.0192 -0.0185 0.0025 0.0023 -0.0008 0 0 -0.0011 0.0019
s -0.0055 0.0026 0.0037 -0.0046 0.0066 0.0034 0.0081 -0.0064 0.0017 0.0005 -0.0012 0 0 0 0.0004
s -0.0148 0.006 0.0127 -0.0146 0.0192 0.0081 0.0285 -0.0257 0.0066 0.0018 -0.0021 0 0 -0.0016 0.0031
s 0.0109 -0.002 -0.0123 0.0147 -0.0185 -0.0064 -0.0257 0.0277 -0.0078 -0.0016 0.0013 0 0 0.0009 -0.0017
s -0.0095 0.0007 0.0033 -0.0027 0.0025 0.0017 0.0066 -0.0078 0.0084 -0.0022 -0.0001 0 0 0.0009 -0.0008
s 0.0025 -0.0002 0.0008 -0.0015 0.0023 0.0005 0.0018 -0.0016 -0.0022 0.003 -0.0002 0 0 -0.0008 0.001
s 0.0024 -0.0018 -0.0005 0.0003 -0.0008 -0.0012 -0.0021 0.0013 -0.0001 -0.0002 0.0012 0 0 -0.0004 0.0005
s 0 0 0 0 0 0 0 0 0 0 0 0 0 -0.0001 0.0001
s 0 0 0 0 0 0 0 0 0 0 0 0 0 0.0001 -0.0001
s 0.0007 -0.0012 -0.0003 0.0009 -0.0011 0 -0.0016 0.0009 0.0009 -0.0008 -0.0004 -0.0001 0.0001 0.003 -0.0036
s -0.0017 0.0018 0.0008 -0.0015 0.0019 0.0004 0.0031 -0.0017 -0.0008 0.001 0.0005 0.0001 -0.0001 -0.0036 0.0046
               
"Sigma4"               
s 0.0366 -0.0153 -0.003 0.0033 -0.0041 -0.0053 -0.0126 0.0086 -0.0074 0.0026 0.0029 0 0 0.0004 -0.0011
s -0.0153 0.0139 0.0023 -0.0028 0.0046 0.0041 0.0092 -0.0046 0.001 -0.0005 -0.0025 0 0 -0.0013 0.0019
s -0.003 0.0023 0.0083 -0.0099 0.0131 0.0039 0.0147 -0.0145 0.0027 0.0012 -0.0006 0 0 -0.0002 0.0007
s 0.0033 -0.0028 -0.0099 0.0133 -0.0174 -0.005 -0.0178 0.0174 -0.0021 -0.0019 0.0005 0 0 0.0011 -0.0017
s -0.0041 0.0046 0.0131 -0.0174 0.0237 0.0076 0.024 -0.022 0.0021 0.0027 -0.0011 0 0 -0.0014 0.0024
s -0.0053 0.0041 0.0039 -0.005 0.0076 0.0044 0.0093 -0.0066 0.0017 0.0006 -0.0016 0 0 -0.0001 0.0006
s -0.0126 0.0092 0.0147 -0.0178 0.024 0.0093 0.0311 -0.0282 0.0052 0.0028 -0.0026 0 0 -0.0019 0.0033
s 0.0086 -0.0046 -0.0145 0.0174 -0.022 -0.0066 -0.0282 0.03 -0.006 -0.0028 0.0015 0 0 0.001 -0.0017
s -0.0074 0.001 0.0027 -0.0021 0.0021 0.0017 0.0052 -0.006 0.0068 -0.0014 -0.0003 0 0 0.0012 -0.001
s 0.0026 -0.0005 0.0012 -0.0019 0.0027 0.0006 0.0028 -0.0028 -0.0014 0.0029 -0.0001 0 0 -0.0009 0.0012
s 0.0029 -0.0025 -0.0006 0.0005 -0.0011 -0.0016 -0.0026 0.0015 -0.0003 -0.0001 0.0016 0 0 -0.0005 0.0006
s 0 0 0 0 0 0 0 0 0 0 0 0 0 -0.0001 0.0001
s 0 0 0 0 0 0 0 0 0 0 0 0 0 0.0001 -0.0001
s 0.0004 -0.0013 -0.0002 0.0011 -0.0014 -0.0001 -0.0019 0.001 0.0012 -0.0009 -0.0005 -0.0001 0.0001 0.0038 -0.0046
s -0.0011 0.0019 0.0007 -0.0017 0.0024 0.0006 0.0033 -0.0017 -0.001 0.0012 0.0006 0.0001 -0.0001 -0.0046 0.0059
               
"Sigma5"               
s 0.0366 -0.0153 -0.003 0.0033 -0.0041 -0.0053 -0.0126 0.0086 -0.0074 0.0026 0.0029 0 0 0.0004 -0.0011
s -0.0153 0.0139 0.0023 -0.0028 0.0046 0.0041 0.0092 -0.0046 0.001 -0.0005 -0.0025 0 0 -0.0013 0.0019
s -0.003 0.0023 0.0083 -0.0099 0.0131 0.0039 0.0147 -0.0145 0.0027 0.0012 -0.0006 0 0 -0.0002 0.0007
s 0.0033 -0.0028 -0.0099 0.0133 -0.0174 -0.005 -0.0178 0.0174 -0.0021 -0.0019 0.0005 0 0 0.0011 -0.0017
s -0.0041 0.0046 0.0131 -0.0174 0.0237 0.0076 0.024 -0.022 0.0021 0.0027 -0.0011 0 0 -0.0014 0.0024
s -0.0053 0.0041 0.0039 -0.005 0.0076 0.0044 0.0093 -0.0066 0.0017 0.0006 -0.0016 0 0 -0.0001 0.0006
s -0.0126 0.0092 0.0147 -0.0178 0.024 0.0093 0.0311 -0.0282 0.0052 0.0028 -0.0026 0 0 -0.0019 0.0033
s 0.0086 -0.0046 -0.0145 0.0174 -0.022 -0.0066 -0.0282 0.03 -0.006 -0.0028 0.0015 0 0 0.001 -0.0017
s -0.0074 0.001 0.0027 -0.0021 0.0021 0.0017 0.0052 -0.006 0.0068 -0.0014 -0.0003 0 0 0.0012 -0.001
s 0.0026 -0.0005 0.0012 -0.0019 0.0027 0.0006 0.0028 -0.0028 -0.0014 0.0029 -0.0001 0 0 -0.0009 0.0012
s 0.0029 -0.0025 -0.0006 0.0005 -0.0011 -0.0016 -0.0026 0.0015 -0.0003 -0.0001 0.0016 0 0 -0.0005 0.0006
s 0 0 0 0 0 0 0 0 0 0 0 0 0 -0.0001 0.0001
s 0 0 0 0 0 0 0 0 0 0 0 0 0 0.0001 -0.0001
s 0.0004 -0.0013 -0.0002 0.0011 -0.0014 -0.0001 -0.0019 0.001 0.0012 -0.0009 -0.0005 -0.0001 0.0001 0.0038 -0.0046
s -0.0011 0.0019 0.0007 -0.0017 0.0024 0.0006 0.0033 -0.0017 -0.001 0.0012 0.0006 0.0001 -0.0001 -0.0046 0.0059
               
"Sigma6"               
s 0.0366 -0.0153 -0.003 0.0033 -0.0041 -0.0053 -0.0126 0.0086 -0.0074 0.0026 0.0029 0 0 0.0004 -0.0011
s -0.0153 0.0139 0.0023 -0.0028 0.0046 0.0041 0.0092 -0.0046 0.001 -0.0005 -0.0025 0 0 -0.0013 0.0019
s -0.003 0.0023 0.0083 -0.0099 0.0131 0.0039 0.0147 -0.0145 0.0027 0.0012 -0.0006 0 0 -0.0002 0.0007
s 0.0033 -0.0028 -0.0099 0.0133 -0.0174 -0.005 -0.0178 0.0174 -0.0021 -0.0019 0.0005 0 0 0.0011 -0.0017
s -0.0041 0.0046 0.0131 -0.0174 0.0237 0.0076 0.024 -0.022 0.0021 0.0027 -0.0011 0 0 -0.0014 0.0024
s -0.0053 0.0041 0.0039 -0.005 0.0076 0.0044 0.0093 -0.0066 0.0017 0.0006 -0.0016 0 0 -0.0001 0.0006
s -0.0126 0.0092 0.0147 -0.0178 0.024 0.0093 0.0311 -0.0282 0.0052 0.0028 -0.0026 0 0 -0.0019 0.0033
s 0.0086 -0.0046 -0.0145 0.0174 -0.022 -0.0066 -0.0282 0.03 -0.006 -0.0028 0.0015 0 0 0.001 -0.0017
s -0.0074 0.001 0.0027 -0.0021 0.0021 0.0017 0.0052 -0.006 0.0068 -0.0014 -0.0003 0 0 0.0012 -0.001
s 0.0026 -0.0005 0.0012 -0.0019 0.0027 0.0006 0.0028 -0.0028 -0.0014 0.0029 -0.0001 0 0 -0.0009 0.0012
s 0.0029 -0.0025 -0.0006 0.0005 -0.0011 -0.0016 -0.0026 0.0015 -0.0003 -0.0001 0.0016 0 0 -0.0005 0.0006
s 0 0 0 0 0 0 0 0 0 0 0 0 0 -0.0001 0.0001
s 0 0 0 0 0 0 0 0 0 0 0 0 0 0.0001 -0.0001
s 0.0004 -0.0013 -0.0002 0.0011 -0.0014 -0.0001 -0.0019 0.001 0.0012 -0.0009 -0.0005 -0.0001 0.0001 0.0038 -0.0046
s -0.0011 0.0019 0.0007 -0.0017 0.0024 0.0006 0.0033 -0.0017 -0.001 0.0012 0.0006 0.0001 -0.0001 -0.0046 0.0059
               
"Sigma7"               
s 0.0366 -0.0153 -0.003 0.0033 -0.0041 -0.0053 -0.0126 0.0086 -0.0074 0.0026 0.0029 0 0 0.0004 -0.0011
s -0.0153 0.0139 0.0023 -0.0028 0.0046 0.0041 0.0092 -0.0046 0.001 -0.0005 -0.0025 0 0 -0.0013 0.0019
s -0.003 0.0023 0.0083 -0.0099 0.0131 0.0039 0.0147 -0.0145 0.0027 0.0012 -0.0006 0 0 -0.0002 0.0007
s 0.0033 -0.0028 -0.0099 0.0133 -0.0174 -0.005 -0.0178 0.0174 -0.0021 -0.0019 0.0005 0 0 0.0011 -0.0017
s -0.0041 0.0046 0.0131 -0.0174 0.0237 0.0076 0.024 -0.022 0.0021 0.0027 -0.0011 0 0 -0.0014 0.0024
s -0.0053 0.0041 0.0039 -0.005 0.0076 0.0044 0.0093 -0.0066 0.0017 0.0006 -0.0016 0 0 -0.0001 0.0006
s -0.0126 0.0092 0.0147 -0.0178 0.024 0.0093 0.0311 -0.0282 0.0052 0.0028 -0.0026 0 0 -0.0019 0.0033
s 0.0086 -0.0046 -0.0145 0.0174 -0.022 -0.0066 -0.0282 0.03 -0.006 -0.0028 0.0015 0 0 0.001 -0.0017
s -0.0074 0.001 0.0027 -0.0021 0.0021 0.0017 0.0052 -0.006 0.0068 -0.0014 -0.0003 0 0 0.0012 -0.001
s 0.0026 -0.0005 0.0012 -0.0019 0.0027 0.0006 0.0028 -0.0028 -0.0014 0.0029 -0.0001 0 0 -0.0009 0.0012
s 0.0029 -0.0025 -0.0006 0.0005 -0.0011 -0.0016 -0.0026 0.0015 -0.0003 -0.0001 0.0016 0 0 -0.0005 0.0006
s 0 0 0 0 0 0 0 0 0 0 0 0 0 -0.0001 0.0001
s 0 0 0 0 0 0 0 0 0 0 0 0 0 0.0001 -0.0001
s 0.0004 -0.0013 -0.0002 0.0011 -0.0014 -0.0001 -0.0019 0.001 0.0012 -0.0009 -0.0005 -0.0001 0.0001 0.0038 -0.0046
s -0.0011 0.0019 0.0007 -0.0017 0.0024 0.0006 0.0033 -0.0017 -0.001 0.0012 0.0006 0.0001 -0.0001 -0.0046 0.0059
               
"Sigma8"               
s 0.0195 -0.0107 -0.0006 0.0006 -0.0008 -0.003 -0.0052 0.0036 -0.0032 0.0022 0.0024 0 0 -0.0005 0.0008
s -0.0107 0.0155 0.0043 -0.0052 0.0083 0.0056 0.0116 -0.0065 -0.0001 -0.0005 -0.0031 0 0 -0.0017 0.0023
s -0.0006 0.0043 0.0113 -0.0136 0.0193 0.0062 0.0207 -0.018 0.0018 0.0022 -0.0012 0 0 -0.0002 0.0005
s 0.0006 -0.0052 -0.0136 0.0183 -0.0256 -0.0083 -0.0263 0.0225 -0.0016 -0.0029 0.0012 0 0 0.0013 -0.0019
s -0.0008 0.0083 0.0193 -0.0256 0.0364 0.0122 0.037 -0.0308 0.0018 0.0039 -0.0023 0 0 -0.0016 0.0024
s -0.003 0.0056 0.0062 -0.0083 0.0122 0.0057 0.0129 -0.0098 0.0013 0.001 -0.002 0 0 0.0001 0.0002
s -0.0052 0.0116 0.0207 -0.0263 0.037 0.0129 0.0414 -0.0357 0.0029 0.0046 -0.0034 0 0 -0.0019 0.0027
s 0.0036 -0.0065 -0.018 0.0225 -0.0308 -0.0098 -0.0357 0.0332 -0.0038 -0.0045 0.0023 0 0 0.0011 -0.0013
s -0.0032 -0.0001 0.0018 -0.0016 0.0018 0.0013 0.0029 -0.0038 0.0042 -0.0002 -0.0003 0 0 0.0019 -0.0021
s 0.0022 -0.0005 0.0022 -0.0029 0.0039 0.001 0.0046 -0.0045 -0.0002 0.0029 0 0 0 -0.0013 0.0018
s 0.0024 -0.0031 -0.0012 0.0012 -0.0023 -0.002 -0.0034 0.0023 -0.0003 0 0.0019 0 0 -0.0007 0.001
s 0 0 0 0 0 0 0 0 0 0 0 0 0 -0.0001 0.0001
s 0 0 0 0 0 0 0 0 0 0 0 0 0 0.0001 -0.0001
s -0.0005 -0.0017 -0.0002 0.0013 -0.0016 0.0001 -0.0019 0.0011 0.0019 -0.0013 -0.0007 -0.0001 0.0001 0.0055 -0.0066
s 0.0008 0.0023 0.0005 -0.0019 0.0024 0.0002 0.0027 -0.0013 -0.0021 0.0018 0.001 0.0001 -0.0001 -0.0066 0.0087
               
"Sigma9"               
s 0.0036 0.0003 0.0014 -0.0022 0.003 0.0013 0.003 -0.0023 0.0013 -0.0001 -0.0002 0 0 -0.0007 0.0006
s 0.0003 0.0415 0.0137 -0.0247 0.0348 0.0192 0.0443 -0.0338 0.0018 -0.001 -0.0049 0 0 -0.0025 0.0024
s 0.0014 0.0137 0.0067 -0.0093 0.0132 0.0064 0.0156 -0.0119 0.0012 -0.0007 -0.0022 0 0 -0.0003 0.0003
s -0.0022 -0.0247 -0.0093 0.0171 -0.0243 -0.013 -0.0292 0.0217 -0.0021 0.0005 0.0025 0 0 0.0021 -0.0021
s 0.003 0.0348 0.0132 -0.0243 0.0351 0.0188 0.041 -0.0294 0.002 -0.0008 -0.0037 0 0 -0.0034 0.0033
s 0.0013 0.0192 0.0064 -0.013 0.0188 0.0109 0.0235 -0.0172 0.002 -0.001 -0.002 0 0 -0.0023 0.0022
s 0.003 0.0443 0.0156 -0.0292 0.041 0.0235 0.0554 -0.0429 0.0068 -0.0029 -0.0038 0 0 -0.0034 0.0033
s -0.0023 -0.0338 -0.0119 0.0217 -0.0294 -0.0172 -0.0429 0.0353 -0.0074 0.0029 0.0032 0 0 0.002 -0.0019
s 0.0013 0.0018 0.0012 -0.0021 0.002 0.002 0.0068 -0.0074 0.0056 -0.0017 0.0008 0 0 0.0003 -0.0003
s -0.0001 -0.001 -0.0007 0.0005 -0.0008 -0.001 -0.0029 0.0029 -0.0017 0.0021 0.0003 0 0 0.0002 -0.0002
s -0.0002 -0.0049 -0.0022 0.0025 -0.0037 -0.002 -0.0038 0.0032 0.0008 0.0003 0.0028 0 0 0.0006 -0.0006
s 0 0 0 0 0 0 0 0 0 0 0 0 0 0 0
s 0 0 0 0 0 0 0 0 0 0 0 0 0 0 0
s -0.0007 -0.0025 -0.0003 0.0021 -0.0034 -0.0023 -0.0034 0.002 0.0003 0.0002 0.0006 0 0 0.0015 -0.0014
s 0.0006 0.0024 0.0003 -0.0021 0.0033 0.0022 0.0033 -0.0019 -0.0003 -0.0002 -0.0006 0 0 -0.0014 0.0013
               
"Sigma10"               
s 0.0036 0.0003 0.0014 -0.0022 0.003 0.0013 0.003 -0.0023 0.0013 -0.0001 -0.0002 0 0 -0.0007 0.0006
s 0.0003 0.0415 0.0137 -0.0247 0.0348 0.0192 0.0443 -0.0338 0.0018 -0.001 -0.0049 0 0 -0.0025 0.0024
s 0.0014 0.0137 0.0067 -0.0093 0.0132 0.0064 0.0156 -0.0119 0.0012 -0.0007 -0.0022 0 0 -0.0003 0.0003
s -0.0022 -0.0247 -0.0093 0.0171 -0.0243 -0.013 -0.0292 0.0217 -0.0021 0.0005 0.0025 0 0 0.0021 -0.0021
s 0.003 0.0348 0.0132 -0.0243 0.0351 0.0188 0.041 -0.0294 0.002 -0.0008 -0.0037 0 0 -0.0034 0.0033
s 0.0013 0.0192 0.0064 -0.013 0.0188 0.0109 0.0235 -0.0172 0.002 -0.001 -0.002 0 0 -0.0023 0.0022
s 0.003 0.0443 0.0156 -0.0292 0.041 0.0235 0.0554 -0.0429 0.0068 -0.0029 -0.0038 0 0 -0.0034 0.0033
s -0.0023 -0.0338 -0.0119 0.0217 -0.0294 -0.0172 -0.0429 0.0353 -0.0074 0.0029 0.0032 0 0 0.002 -0.0019
s 0.0013 0.0018 0.0012 -0.0021 0.002 0.002 0.0068 -0.0074 0.0056 -0.0017 0.0008 0 0 0.0003 -0.0003
s -0.0001 -0.001 -0.0007 0.0005 -0.0008 -0.001 -0.0029 0.0029 -0.0017 0.0021 0.0003 0 0 0.0002 -0.0002
s -0.0002 -0.0049 -0.0022 0.0025 -0.0037 -0.002 -0.0038 0.0032 0.0008 0.0003 0.0028 0 0 0.0006 -0.0006
s 0 0 0 0 0 0 0 0 0 0 0 0 0 0 0
s 0 0 0 0 0 0 0 0 0 0 0 0 0 0 0
s -0.0007 -0.0025 -0.0003 0.0021 -0.0034 -0.0023 -0.0034 0.002 0.0003 0.0002 0.0006 0 0 0.0015 -0.0014
s 0.0006 0.0024 0.0003 -0.0021 0.0033 0.0022 0.0033 -0.0019 -0.0003 -0.0002 -0.0006 0 0 -0.0014 0.0013
               
"Related_Object"               
pose -0.0341 0.1499 0.0349 0 0 0 1        
grasp 0.0341 -0.1499 -0.0349            
name Kallax_Tuer              
