"Priors"               
p 0.0961543071 0.1264357364 0.0918976873 0.0616076692 0.0406206065 0.1567447085 0.1122092999 0.0839952482 0.0735900284 0.1567447085     
               
"Mu"               
t 0 0.1045876294 0.2611315599 0.2611315599 0.3486277559 0.3486277559 0.6164271792 0.6164271792 0.6164271792 0.92     
x 0.242795 0.2189062202 0.140591109 0.140591109 0.0954597259 0.0954597259 0.0255644861 0.0255644861 0.0255644861 0     
y 0.0381425 0.0284290367 0.0189046216 0.0189046216 0.0176086605 0.0176086605 0.0049637919 0.0049637919 0.0049637919 0     
z 0.009599 0.0035369414 0.0026673946 0.0026673946 0.0027955498 0.0027955498 0.0020854616 0.0020854616 0.0020854616 0     
qx 0.0235412958 0.0375377986 0.0335697207 0.0335697207 0.0282158339 0.0282158339 0.0111221239 0.0111221239 0.0111221239 0.002570596     
qy 0.034483724 0.0448857302 0.0360942409 0.0360942409 0.0325701394 0.0325701394 0.0009852342 0.0009852342 0.0009852342 -0.0016198088     
qz -0.9980397334 -0.9973031408 -0.9981264761 -0.9981264761 -0.998754761 -0.998754761 -0.9996958248 -0.9996958248 -0.9996958248 -0.9999878589     
qw 0.0466194235 0.0443015822 0.0362466195 0.0362466195 0.0251392139 0.0251392139 0.0219905804 0.0219905804 0.0219905804 -0.0038794666     
x 0.855949 0.845627922 0.8438506783 0.8438506783 0.8454902666 0.8454902666 0.8458909649 0.8458909649 0.8458909649 0.8497549224     
y 0.0460925 0.056726461 0.0615762834 0.0615762834 0.0673337364 0.0673337364 0.0803235839 0.0803235839 0.0803235839 0.0752785336     
z 0.046137 0.0510159498 0.0438553609 0.0438553609 0.0564046366 0.0564046366 0.0678804933 0.0678804933 0.0678804933 0.0625508789     
qx 4.25E-012 4.25E-012 8.10E-012 8.10E-012 8.58E-012 8.58E-012 2.41E-012 2.41E-012 2.41E-012 2.33E-012     
qy 2.94E-011 4.10E-011 3.86E-011 3.86E-011 3.74E-011 3.74E-011 3.44E-011 3.44E-011 3.44E-011 3.82E-011     
qz -1 -1 -1 -1 -1 -1 -1 -1 -1 -1     
qw 1.49E-008 1.49E-008 1.49E-008 1.49E-008 1.49E-008 1.49E-008 1.49E-008 1.49E-008 1.49E-008 0     
               
"Sigma1"               
s 0.0006 0 0.0001 -0.0001 0.0002 0.0002 0 0 0 0.0001 0.0001 0 0 0.0041 0
s 0 0.0009 0.0001 -0.0001 0.0004 0.0005 0 0 0.0001 0.0003 0 0 0 -0.001 0
s 0.0001 0.0001 0.0012 0.0002 -0.0001 0.0006 0 -0.0001 0.0005 -0.0002 -0.0001 0 0 -0.0004 0
s -0.0001 -0.0001 0.0002 0.0004 0.0001 0.0003 0 0 0.0003 -0.0002 -0.0002 0 0 0.0009 0
s 0.0002 0.0004 -0.0001 0.0001 0.0009 0.0008 0.0001 0.0001 0.0003 0 -0.0002 0 0 0.0022 0
s 0.0002 0.0005 0.0006 0.0003 0.0008 0.0014 0.0001 -0.0001 0.0008 0 -0.0002 0 0 0.0005 0
s 0 0 0 0 0.0001 0.0001 0 0 0 0 0 0 0 0.0003 0
s 0 0 -0.0001 0 0.0001 -0.0001 0 0.0003 0 -0.0004 -0.0001 0 0 0.0041 0
s 0 0.0001 0.0005 0.0003 0.0003 0.0008 0 0 0.0006 -0.0001 -0.0002 0 0 -0.0031 0
s 0.0001 0.0003 -0.0002 -0.0002 0 0 0 -0.0004 -0.0001 0.0007 0.0001 0 0 -0.0036 0
s 0.0001 0 -0.0001 -0.0002 -0.0002 -0.0002 0 -0.0001 -0.0002 0.0001 0.0002 0 0 -0.0001 0
s 0 0 0 0 0 0 0 0 0 0 0 0 0 0 0
s 0 0 0 0 0 0 0 0 0 0 0 0 0 0 0
s 0.0041 -0.001 -0.0004 0.0009 0.0022 0.0005 0.0003 0.0041 -0.0031 -0.0036 -0.0001 0 0 0.6833 0
s 0 0 0 0 0 0 0 0 0 0 0 0 0 0 0
               
"Sigma2"               
s 0.0025 -0.0011 -0.0003 0.0001 0 -0.0002 0 0 0 0 -0.0001 0 0 0.0025 0
s -0.0011 0.0015 0.0006 0.0002 0.0006 0.001 0 0 -0.0001 0 -0.0003 0 0 -0.0023 0
s -0.0003 0.0006 0.0009 0.0001 -0.0001 0.0003 0 0.0002 0.0001 -0.0003 -0.0001 0 0 -0.0014 0
s 0.0001 0.0002 0.0001 0.0001 0.0001 0.0002 0 0 0 -0.0001 -0.0001 0 0 0.0025 0
s 0 0.0006 -0.0001 0.0001 0.0008 0.0007 0 0.0001 0 0 -0.0003 0 0 -0.0046 0
s -0.0002 0.001 0.0003 0.0002 0.0007 0.001 0 0.0001 0.0001 0 -0.0003 0 0 -0.0017 0
s 0 0 0 0 0 0 0 0 0 0 0 0 0 -0.0002 0
s 0 0 0.0002 0 0.0001 0.0001 0 0.0003 0 -0.0004 -0.0001 0 0 0.0011 0
s 0 -0.0001 0.0001 0 0 0.0001 0 0 0.0003 0 0 0 0 -0.0005 0
s 0 0 -0.0003 -0.0001 0 0 0 -0.0004 0 0.0006 0.0001 0 0 -0.0034 0
s -0.0001 -0.0003 -0.0001 -0.0001 -0.0003 -0.0003 0 -0.0001 0 0.0001 0.0002 0 0 0.003 0
s 0 0 0 0 0 0 0 0 0 0 0 0 0 0 0
s 0 0 0 0 0 0 0 0 0 0 0 0 0 0 0
s 0.0025 -0.0023 -0.0014 0.0025 -0.0046 -0.0017 -0.0002 0.0011 -0.0005 -0.0034 0.003 0 0 0.7262 0
s 0 0 0 0 0 0 0 0 0 0 0 0 0 0 0
               
"Sigma3"               
s 0.0088 -0.004 -0.0006 0.0001 -0.0002 -0.0003 0.0043 -0.0008 0 0.0006 0.0003 0 0 -0.0027 0
s -0.004 0.003 0.0006 0.0001 0.0004 0.0007 -0.0014 0.0003 -0.0002 -0.0001 -0.0005 0 0 0.0083 0
s -0.0006 0.0006 0.0004 0 0 0.0001 0 0.0001 0 -0.0001 0 0 0 -0.0022 0
s 0.0001 0.0001 0 0.0001 0 0.0001 0 0 0 0 0 0 0 0.0061 0
s -0.0002 0.0004 0 0 0.0004 0.0004 -0.0013 -0.0001 -0.0001 0.0001 -0.0003 0 0 -0.0014 0
s -0.0003 0.0007 0.0001 0.0001 0.0004 0.0005 -0.0013 0 -0.0001 0 -0.0003 0 0 0.0022 0
s 0.0043 -0.0014 0 0 -0.0013 -0.0013 0.04 -0.0007 0 0.0006 0.0007 0 0 0.0001 0
s -0.0008 0.0003 0.0001 0 -0.0001 0 -0.0007 0.0004 0.0001 -0.0003 0 0 0 0.0024 0
s 0 -0.0002 0 0 -0.0001 -0.0001 0 0.0001 0.0004 -0.0001 0.0001 0 0 0.0011 0
s 0.0006 -0.0001 -0.0001 0 0.0001 0 0.0006 -0.0003 -0.0001 0.0004 0 0 0 -0.0033 0
s 0.0003 -0.0005 0 0 -0.0003 -0.0003 0.0007 0 0.0001 0 0.0004 0 0 0.0003 0
s 0 0 0 0 0 0 0 0 0 0 0 0 0 0 0
s 0 0 0 0 0 0 0 0 0 0 0 0 0 0 0
s -0.0027 0.0083 -0.0022 0.0061 -0.0014 0.0022 0.0001 0.0024 0.0011 -0.0033 0.0003 0 0 0.7622 0
s 0 0 0 0 0 0 0 0 0 0 0 0 0 0 0
               
"Sigma4"               
s 0.0088 -0.004 -0.0006 0.0001 -0.0002 -0.0003 0.0043 -0.0008 0 0.0006 0.0003 0 0 -0.0027 0
s -0.004 0.003 0.0006 0.0001 0.0004 0.0007 -0.0014 0.0003 -0.0002 -0.0001 -0.0005 0 0 0.0083 0
s -0.0006 0.0006 0.0004 0 0 0.0001 0 0.0001 0 -0.0001 0 0 0 -0.0022 0
s 0.0001 0.0001 0 0.0001 0 0.0001 0 0 0 0 0 0 0 0.0061 0
s -0.0002 0.0004 0 0 0.0004 0.0004 -0.0013 -0.0001 -0.0001 0.0001 -0.0003 0 0 -0.0014 0
s -0.0003 0.0007 0.0001 0.0001 0.0004 0.0005 -0.0013 0 -0.0001 0 -0.0003 0 0 0.0022 0
s 0.0043 -0.0014 0 0 -0.0013 -0.0013 0.04 -0.0007 0 0.0006 0.0007 0 0 0.0001 0
s -0.0008 0.0003 0.0001 0 -0.0001 0 -0.0007 0.0004 0.0001 -0.0003 0 0 0 0.0024 0
s 0 -0.0002 0 0 -0.0001 -0.0001 0 0.0001 0.0004 -0.0001 0.0001 0 0 0.0011 0
s 0.0006 -0.0001 -0.0001 0 0.0001 0 0.0006 -0.0003 -0.0001 0.0004 0 0 0 -0.0033 0
s 0.0003 -0.0005 0 0 -0.0003 -0.0003 0.0007 0 0.0001 0 0.0004 0 0 0.0003 0
s 0 0 0 0 0 0 0 0 0 0 0 0 0 0 0
s 0 0 0 0 0 0 0 0 0 0 0 0 0 0 0
s -0.0027 0.0083 -0.0022 0.0061 -0.0014 0.0022 0.0001 0.0024 0.0011 -0.0033 0.0003 0 0 0.7622 0
s 0 0 0 0 0 0 0 0 0 0 0 0 0 0 0
               
"Sigma5"               
s 0.0146 -0.0059 -0.0007 0 -0.0011 -0.0012 0.0277 -0.0009 0 0.0006 0.0008 0 0 0.0004 0
s -0.0059 0.0035 0.0005 0.0001 0.0005 0.0007 -0.0065 0.0003 -0.0002 -0.0001 -0.0006 0 0 0.0099 0
s -0.0007 0.0005 0.0003 0 0 0.0001 -0.0002 0.0001 0 -0.0001 0 0 0 -0.0051 0
s 0 0.0001 0 0.0001 0 0.0001 -0.0004 0.0001 0 0 -0.0001 0 0 0.0064 0
s -0.0011 0.0005 0 0 0.0006 0.0005 -0.01 -0.0001 -0.0001 0 -0.0003 0 0 0.0004 0
s -0.0012 0.0007 0.0001 0.0001 0.0005 0.0006 -0.0104 0 -0.0001 0 -0.0003 0 0 0.0031 0
s 0.0277 -0.0065 -0.0002 -0.0004 -0.01 -0.0104 0.3331 -0.0036 -0.0001 0.004 0.0032 0 0 0.0001 0
s -0.0009 0.0003 0.0001 0.0001 -0.0001 0 -0.0036 0.0005 0.0001 -0.0004 0 0 0 0.0042 0
s 0 -0.0002 0 0 -0.0001 -0.0001 -0.0001 0.0001 0.0003 -0.0001 0.0001 0 0 0.0004 0
s 0.0006 -0.0001 -0.0001 0 0 0 0.004 -0.0004 -0.0001 0.0004 0 0 0 -0.0029 0
s 0.0008 -0.0006 0 -0.0001 -0.0003 -0.0003 0.0032 0 0.0001 0 0.0003 0 0 -0.0044 0
s 0 0 0 0 0 0 0 0 0 0 0 0 0 0 0
s 0 0 0 0 0 0 0 0 0 0 0 0 0 0 0
s 0.0004 0.0099 -0.0051 0.0064 0.0004 0.0031 0.0001 0.0042 0.0004 -0.0029 -0.0044 0 0 0.7512 0
s 0 0 0 0 0 0 0 0 0 0 0 0 0 0 0
               
"Sigma6"               
s 0.0146 -0.0059 -0.0007 0 -0.0011 -0.0012 0.0277 -0.0009 0 0.0006 0.0008 0 0 0.0004 0
s -0.0059 0.0035 0.0005 0.0001 0.0005 0.0007 -0.0065 0.0003 -0.0002 -0.0001 -0.0006 0 0 0.0099 0
s -0.0007 0.0005 0.0003 0 0 0.0001 -0.0002 0.0001 0 -0.0001 0 0 0 -0.0051 0
s 0 0.0001 0 0.0001 0 0.0001 -0.0004 0.0001 0 0 -0.0001 0 0 0.0064 0
s -0.0011 0.0005 0 0 0.0006 0.0005 -0.01 -0.0001 -0.0001 0 -0.0003 0 0 0.0004 0
s -0.0012 0.0007 0.0001 0.0001 0.0005 0.0006 -0.0104 0 -0.0001 0 -0.0003 0 0 0.0031 0
s 0.0277 -0.0065 -0.0002 -0.0004 -0.01 -0.0104 0.3331 -0.0036 -0.0001 0.004 0.0032 0 0 0.0001 0
s -0.0009 0.0003 0.0001 0.0001 -0.0001 0 -0.0036 0.0005 0.0001 -0.0004 0 0 0 0.0042 0
s 0 -0.0002 0 0 -0.0001 -0.0001 -0.0001 0.0001 0.0003 -0.0001 0.0001 0 0 0.0004 0
s 0.0006 -0.0001 -0.0001 0 0 0 0.004 -0.0004 -0.0001 0.0004 0 0 0 -0.0029 0
s 0.0008 -0.0006 0 -0.0001 -0.0003 -0.0003 0.0032 0 0.0001 0 0.0003 0 0 -0.0044 0
s 0 0 0 0 0 0 0 0 0 0 0 0 0 0 0
s 0 0 0 0 0 0 0 0 0 0 0 0 0 0 0
s 0.0004 0.0099 -0.0051 0.0064 0.0004 0.0031 0.0001 0.0042 0.0004 -0.0029 -0.0044 0 0 0.7512 0
s 0 0 0 0 0 0 0 0 0 0 0 0 0 0 0
               
"Sigma7"               
s 0.0115 -0.0021 -0.0003 -0.0001 -0.0003 -0.0004 0.0109 0.0001 -0.0003 0.0006 0 0 0 0.008 0
s -0.0021 0.0007 0.0002 0 -0.0001 0 0.0056 0 0 0 -0.0001 0 0 -0.0006 0
s -0.0003 0.0002 0.0002 0 -0.0002 -0.0001 0.0068 -0.0001 0 0 0 0 0 -0.004 0
s -0.0001 0 0 0.0001 0 0.0001 -0.0028 0 0 -0.0001 -0.0001 0 0 0.0055 0
s -0.0003 -0.0001 -0.0002 0 0.0009 0.0006 -0.0321 0.0001 0.0001 -0.0005 0 0 0 0.0051 0
s -0.0004 0 -0.0001 0.0001 0.0006 0.0006 -0.0223 0 0.0001 -0.0004 -0.0001 0 0 0.0147 0
s 0.0109 0.0056 0.0068 -0.0028 -0.0321 -0.0223 1.6265 -0.0038 -0.0067 0.022 0.0035 0 0 -0.0002 0
s 0.0001 0 -0.0001 0 0.0001 0 -0.0038 0.0004 0 0.0001 -0.0001 0 0 -0.0001 0
s -0.0003 0 0 0 0.0001 0.0001 -0.0067 0 0.0002 -0.0003 0 0 0 0.0032 0
s 0.0006 0 0 -0.0001 -0.0005 -0.0004 0.022 0.0001 -0.0003 0.0012 0 0 0 -0.0095 0
s 0 -0.0001 0 -0.0001 0 -0.0001 0.0035 -0.0001 0 0 0.0003 0 0 -0.0047 0
s 0 0 0 0 0 0 0 0 0 0 0 0 0 0 0
s 0 0 0 0 0 0 0 0 0 0 0 0 0 0 0
s 0.008 -0.0006 -0.004 0.0055 0.0051 0.0147 -0.0002 -0.0001 0.0032 -0.0095 -0.0047 0 0 0.9286 0
s 0 0 0 0 0 0 0 0 0 0 0 0 0 0 0
               
"Sigma8"               
s 0.0115 -0.0021 -0.0003 -0.0001 -0.0003 -0.0004 0.0109 0.0001 -0.0003 0.0006 0 0 0 0.008 0
s -0.0021 0.0007 0.0002 0 -0.0001 0 0.0056 0 0 0 -0.0001 0 0 -0.0006 0
s -0.0003 0.0002 0.0002 0 -0.0002 -0.0001 0.0068 -0.0001 0 0 0 0 0 -0.004 0
s -0.0001 0 0 0.0001 0 0.0001 -0.0028 0 0 -0.0001 -0.0001 0 0 0.0055 0
s -0.0003 -0.0001 -0.0002 0 0.0009 0.0006 -0.0321 0.0001 0.0001 -0.0005 0 0 0 0.0051 0
s -0.0004 0 -0.0001 0.0001 0.0006 0.0006 -0.0223 0 0.0001 -0.0004 -0.0001 0 0 0.0147 0
s 0.0109 0.0056 0.0068 -0.0028 -0.0321 -0.0223 1.6265 -0.0038 -0.0067 0.022 0.0035 0 0 -0.0002 0
s 0.0001 0 -0.0001 0 0.0001 0 -0.0038 0.0004 0 0.0001 -0.0001 0 0 -0.0001 0
s -0.0003 0 0 0 0.0001 0.0001 -0.0067 0 0.0002 -0.0003 0 0 0 0.0032 0
s 0.0006 0 0 -0.0001 -0.0005 -0.0004 0.022 0.0001 -0.0003 0.0012 0 0 0 -0.0095 0
s 0 -0.0001 0 -0.0001 0 -0.0001 0.0035 -0.0001 0 0 0.0003 0 0 -0.0047 0
s 0 0 0 0 0 0 0 0 0 0 0 0 0 0 0
s 0 0 0 0 0 0 0 0 0 0 0 0 0 0 0
s 0.008 -0.0006 -0.004 0.0055 0.0051 0.0147 -0.0002 -0.0001 0.0032 -0.0095 -0.0047 0 0 0.9286 0
s 0 0 0 0 0 0 0 0 0 0 0 0 0 0 0
               
"Sigma9"               
s 0.0115 -0.0021 -0.0003 -0.0001 -0.0003 -0.0004 0.0109 0.0001 -0.0003 0.0006 0 0 0 0.008 0
s -0.0021 0.0007 0.0002 0 -0.0001 0 0.0056 0 0 0 -0.0001 0 0 -0.0006 0
s -0.0003 0.0002 0.0002 0 -0.0002 -0.0001 0.0068 -0.0001 0 0 0 0 0 -0.004 0
s -0.0001 0 0 0.0001 0 0.0001 -0.0028 0 0 -0.0001 -0.0001 0 0 0.0055 0
s -0.0003 -0.0001 -0.0002 0 0.0009 0.0006 -0.0321 0.0001 0.0001 -0.0005 0 0 0 0.0051 0
s -0.0004 0 -0.0001 0.0001 0.0006 0.0006 -0.0223 0 0.0001 -0.0004 -0.0001 0 0 0.0147 0
s 0.0109 0.0056 0.0068 -0.0028 -0.0321 -0.0223 1.6265 -0.0038 -0.0067 0.022 0.0035 0 0 -0.0002 0
s 0.0001 0 -0.0001 0 0.0001 0 -0.0038 0.0004 0 0.0001 -0.0001 0 0 -0.0001 0
s -0.0003 0 0 0 0.0001 0.0001 -0.0067 0 0.0002 -0.0003 0 0 0 0.0032 0
s 0.0006 0 0 -0.0001 -0.0005 -0.0004 0.022 0.0001 -0.0003 0.0012 0 0 0 -0.0095 0
s 0 -0.0001 0 -0.0001 0 -0.0001 0.0035 -0.0001 0 0 0.0003 0 0 -0.0047 0
s 0 0 0 0 0 0 0 0 0 0 0 0 0 0 0
s 0 0 0 0 0 0 0 0 0 0 0 0 0 0 0
s 0.008 -0.0006 -0.004 0.0055 0.0051 0.0147 -0.0002 -0.0001 0.0032 -0.0095 -0.0047 0 0 0.9286 0
s 0 0 0 0 0 0 0 0 0 0 0 0 0 0 0
               
"Sigma10"               
s 0.0139 -0.0004 -0.0002 -0.0001 0.0001 -0.0001 -0.0466 -0.0016 0.0005 -0.0009 -0.0001 0 0 -0.0321 0
s -0.0004 0.0001 0.0001 0 -0.0001 -0.0001 0.007 0.0001 -0.0001 0.0002 0 0 0 -0.0017 0
s -0.0002 0.0001 0.0001 0 -0.0001 -0.0001 0.006 0 -0.0001 0.0002 0 0 0 -0.0032 0
s -0.0001 0 0 0 0 0 -0.0008 0 0 0 0 0 0 0.0026 0
s 0.0001 -0.0001 -0.0001 0 0.0002 0.0001 -0.0117 0 0.0002 -0.0005 0 0 0 0.0066 0
s -0.0001 -0.0001 -0.0001 0 0.0001 0.0002 -0.0061 0 0.0001 -0.0003 0 0 0 0.0098 0
s -0.0466 0.007 0.006 -0.0008 -0.0117 -0.0061 1.2448 0.014 -0.0183 0.0484 -0.0059 0 0 0.0002 0
s -0.0016 0.0001 0 0 0 0 0.014 0.0005 -0.0001 0.0002 0 0 0 0.01 0
s 0.0005 -0.0001 -0.0001 0 0.0002 0.0001 -0.0183 -0.0001 0.0003 -0.0008 0.0001 0 0 0.0006 0
s -0.0009 0.0002 0.0002 0 -0.0005 -0.0003 0.0484 0.0002 -0.0008 0.0028 -0.0004 0 0 -0.0098 0
s -0.0001 0 0 0 0 0 -0.0059 0 0.0001 -0.0004 0.0003 0 0 -0.0048 0
s 0 0 0 0 0 0 0 0 0 0 0 0 0 0 0
s 0 0 0 0 0 0 0 0 0 0 0 0 0 0 0
s -0.0321 -0.0017 -0.0032 0.0026 0.0066 0.0098 0.0002 0.01 0.0006 -0.0098 -0.0048 0 0 1.1596 0
s 0 0 0 0 0 0 0 0 0 0 0 0 0 0 0
               
"Related_Object"               
pose -0.0341 0.1499 0.0349 0 0 0 1        
grasp 0.0341 -0.1499 -0.0349            
name Kallax_Tuer              
